actor_hidden_dim1: 128
actor_hidden_dim2: 64
actor_lr: 0.0008678286302281936
critic_hidden_dim1: 256
critic_hidden_dim2: 64
critic_lr: 0.002203072367905515
discount_factor: 0.9479110855007352
entropy_weight: 0.0017952754851382178
num_episodes: 500
save_per_epoch: 100
seed: 456
