actor_hidden_dim1: 128
actor_hidden_dim2: 32
actor_lr: 0.0005799942879387574
critic_hidden_dim1: 256
critic_hidden_dim2: 32
critic_lr: 0.0004580149559385074
discount_factor: 0.9610356095081224
entropy_weight: 0.00014636597639227004
num_episodes: 500
save_per_epoch: 100
seed: 789
