actor_hidden_dim1: 64
actor_hidden_dim2: 64
actor_lr: 0.0003768263681127994
critic_hidden_dim1: 128
critic_hidden_dim2: 64
critic_lr: 0.00721569760623857
discount_factor: 0.8930294169151378
entropy_weight: 0.00016076988351215895
num_episodes: 500
save_per_epoch: 100
seed: 456
